{
 "cells": [
  {
   "cell_type": "code",
   "execution_count": 1,
   "id": "1d99eff0",
   "metadata": {},
   "outputs": [],
   "source": [
    "import pandas as pd"
   ]
  },
  {
   "cell_type": "code",
   "execution_count": 3,
   "id": "1d719fcd",
   "metadata": {},
   "outputs": [],
   "source": [
    "data = pd.read_csv(\"../subjects/datasets/census\")"
   ]
  },
  {
   "cell_type": "code",
   "execution_count": 11,
   "id": "d09bae19",
   "metadata": {},
   "outputs": [
    {
     "name": "stderr",
     "output_type": "stream",
     "text": [
      "/tmp/ipykernel_15368/1819788139.py:1: FutureWarning: In a future version of pandas all arguments of DataFrame.drop except for the argument 'labels' will be keyword-only\n",
      "  X = data.drop('label', 1)\n"
     ]
    },
    {
     "data": {
      "text/html": [
       "<div>\n",
       "<style scoped>\n",
       "    .dataframe tbody tr th:only-of-type {\n",
       "        vertical-align: middle;\n",
       "    }\n",
       "\n",
       "    .dataframe tbody tr th {\n",
       "        vertical-align: top;\n",
       "    }\n",
       "\n",
       "    .dataframe thead th {\n",
       "        text-align: right;\n",
       "    }\n",
       "</style>\n",
       "<table border=\"1\" class=\"dataframe\">\n",
       "  <thead>\n",
       "    <tr style=\"text-align: right;\">\n",
       "      <th></th>\n",
       "      <th>a</th>\n",
       "      <th>b</th>\n",
       "      <th>c</th>\n",
       "      <th>d</th>\n",
       "      <th>e</th>\n",
       "      <th>f</th>\n",
       "      <th>g</th>\n",
       "      <th>race</th>\n",
       "      <th>sex</th>\n",
       "      <th>j</th>\n",
       "      <th>k</th>\n",
       "      <th>l</th>\n",
       "      <th>m</th>\n",
       "    </tr>\n",
       "  </thead>\n",
       "  <tbody>\n",
       "    <tr>\n",
       "      <th>0</th>\n",
       "      <td>3</td>\n",
       "      <td>5</td>\n",
       "      <td>3</td>\n",
       "      <td>0</td>\n",
       "      <td>2</td>\n",
       "      <td>8</td>\n",
       "      <td>3</td>\n",
       "      <td>0</td>\n",
       "      <td>1</td>\n",
       "      <td>2</td>\n",
       "      <td>0</td>\n",
       "      <td>40</td>\n",
       "      <td>0</td>\n",
       "    </tr>\n",
       "    <tr>\n",
       "      <th>1</th>\n",
       "      <td>5</td>\n",
       "      <td>1</td>\n",
       "      <td>4</td>\n",
       "      <td>0</td>\n",
       "      <td>0</td>\n",
       "      <td>4</td>\n",
       "      <td>2</td>\n",
       "      <td>0</td>\n",
       "      <td>1</td>\n",
       "      <td>0</td>\n",
       "      <td>0</td>\n",
       "      <td>13</td>\n",
       "      <td>0</td>\n",
       "    </tr>\n",
       "    <tr>\n",
       "      <th>2</th>\n",
       "      <td>3</td>\n",
       "      <td>0</td>\n",
       "      <td>10</td>\n",
       "      <td>3</td>\n",
       "      <td>1</td>\n",
       "      <td>6</td>\n",
       "      <td>3</td>\n",
       "      <td>0</td>\n",
       "      <td>1</td>\n",
       "      <td>0</td>\n",
       "      <td>0</td>\n",
       "      <td>40</td>\n",
       "      <td>0</td>\n",
       "    </tr>\n",
       "    <tr>\n",
       "      <th>3</th>\n",
       "      <td>5</td>\n",
       "      <td>0</td>\n",
       "      <td>11</td>\n",
       "      <td>2</td>\n",
       "      <td>0</td>\n",
       "      <td>6</td>\n",
       "      <td>2</td>\n",
       "      <td>4</td>\n",
       "      <td>1</td>\n",
       "      <td>0</td>\n",
       "      <td>0</td>\n",
       "      <td>40</td>\n",
       "      <td>0</td>\n",
       "    </tr>\n",
       "    <tr>\n",
       "      <th>4</th>\n",
       "      <td>2</td>\n",
       "      <td>0</td>\n",
       "      <td>16</td>\n",
       "      <td>0</td>\n",
       "      <td>0</td>\n",
       "      <td>5</td>\n",
       "      <td>0</td>\n",
       "      <td>4</td>\n",
       "      <td>0</td>\n",
       "      <td>0</td>\n",
       "      <td>0</td>\n",
       "      <td>40</td>\n",
       "      <td>12</td>\n",
       "    </tr>\n",
       "    <tr>\n",
       "      <th>...</th>\n",
       "      <td>...</td>\n",
       "      <td>...</td>\n",
       "      <td>...</td>\n",
       "      <td>...</td>\n",
       "      <td>...</td>\n",
       "      <td>...</td>\n",
       "      <td>...</td>\n",
       "      <td>...</td>\n",
       "      <td>...</td>\n",
       "      <td>...</td>\n",
       "      <td>...</td>\n",
       "      <td>...</td>\n",
       "      <td>...</td>\n",
       "    </tr>\n",
       "    <tr>\n",
       "      <th>32556</th>\n",
       "      <td>2</td>\n",
       "      <td>0</td>\n",
       "      <td>12</td>\n",
       "      <td>5</td>\n",
       "      <td>0</td>\n",
       "      <td>0</td>\n",
       "      <td>0</td>\n",
       "      <td>0</td>\n",
       "      <td>0</td>\n",
       "      <td>0</td>\n",
       "      <td>0</td>\n",
       "      <td>38</td>\n",
       "      <td>0</td>\n",
       "    </tr>\n",
       "    <tr>\n",
       "      <th>32557</th>\n",
       "      <td>4</td>\n",
       "      <td>0</td>\n",
       "      <td>7</td>\n",
       "      <td>3</td>\n",
       "      <td>0</td>\n",
       "      <td>7</td>\n",
       "      <td>2</td>\n",
       "      <td>0</td>\n",
       "      <td>1</td>\n",
       "      <td>0</td>\n",
       "      <td>0</td>\n",
       "      <td>40</td>\n",
       "      <td>0</td>\n",
       "    </tr>\n",
       "    <tr>\n",
       "      <th>32558</th>\n",
       "      <td>5</td>\n",
       "      <td>0</td>\n",
       "      <td>7</td>\n",
       "      <td>3</td>\n",
       "      <td>4</td>\n",
       "      <td>8</td>\n",
       "      <td>5</td>\n",
       "      <td>0</td>\n",
       "      <td>0</td>\n",
       "      <td>0</td>\n",
       "      <td>0</td>\n",
       "      <td>40</td>\n",
       "      <td>0</td>\n",
       "    </tr>\n",
       "    <tr>\n",
       "      <th>32559</th>\n",
       "      <td>2</td>\n",
       "      <td>0</td>\n",
       "      <td>10</td>\n",
       "      <td>3</td>\n",
       "      <td>2</td>\n",
       "      <td>8</td>\n",
       "      <td>1</td>\n",
       "      <td>0</td>\n",
       "      <td>1</td>\n",
       "      <td>0</td>\n",
       "      <td>0</td>\n",
       "      <td>20</td>\n",
       "      <td>0</td>\n",
       "    </tr>\n",
       "    <tr>\n",
       "      <th>32560</th>\n",
       "      <td>5</td>\n",
       "      <td>2</td>\n",
       "      <td>14</td>\n",
       "      <td>3</td>\n",
       "      <td>0</td>\n",
       "      <td>4</td>\n",
       "      <td>0</td>\n",
       "      <td>0</td>\n",
       "      <td>0</td>\n",
       "      <td>15</td>\n",
       "      <td>0</td>\n",
       "      <td>40</td>\n",
       "      <td>0</td>\n",
       "    </tr>\n",
       "  </tbody>\n",
       "</table>\n",
       "<p>32561 rows × 13 columns</p>\n",
       "</div>"
      ],
      "text/plain": [
       "       a  b   c  d  e  f  g  race  sex   j  k   l   m\n",
       "0      3  5   3  0  2  8  3     0    1   2  0  40   0\n",
       "1      5  1   4  0  0  4  2     0    1   0  0  13   0\n",
       "2      3  0  10  3  1  6  3     0    1   0  0  40   0\n",
       "3      5  0  11  2  0  6  2     4    1   0  0  40   0\n",
       "4      2  0  16  0  0  5  0     4    0   0  0  40  12\n",
       "...   .. ..  .. .. .. .. ..   ...  ...  .. ..  ..  ..\n",
       "32556  2  0  12  5  0  0  0     0    0   0  0  38   0\n",
       "32557  4  0   7  3  0  7  2     0    1   0  0  40   0\n",
       "32558  5  0   7  3  4  8  5     0    0   0  0  40   0\n",
       "32559  2  0  10  3  2  8  1     0    1   0  0  20   0\n",
       "32560  5  2  14  3  0  4  0     0    0  15  0  40   0\n",
       "\n",
       "[32561 rows x 13 columns]"
      ]
     },
     "execution_count": 11,
     "metadata": {},
     "output_type": "execute_result"
    }
   ],
   "source": [
    "X = data.drop('label', 1)\n",
    "X"
   ]
  },
  {
   "cell_type": "code",
   "execution_count": 23,
   "id": "490ad217",
   "metadata": {},
   "outputs": [],
   "source": [
    "from sklearn.decomposition import PCA, FastICA\n",
    "from sklearn.preprocessing import StandardScaler"
   ]
  },
  {
   "cell_type": "code",
   "execution_count": 25,
   "id": "002ab4fa",
   "metadata": {},
   "outputs": [
    {
     "data": {
      "text/plain": [
       "PCA()"
      ]
     },
     "execution_count": 25,
     "metadata": {},
     "output_type": "execute_result"
    }
   ],
   "source": [
    "X_scaled = StandardScaler().fit_transform(X)\n",
    "pca = PCA()\n",
    "pca.fit(X)"
   ]
  },
  {
   "cell_type": "code",
   "execution_count": 15,
   "id": "f7758ac0",
   "metadata": {},
   "outputs": [
    {
     "data": {
      "text/plain": [
       "array([1.01854630e+03, 2.01783125e+02, 1.48211100e+02, 5.28246806e+01,\n",
       "       2.79367589e+01, 1.53967865e+01, 1.18939821e+01, 5.66114738e+00,\n",
       "       2.10851883e+00, 1.99039885e+00, 1.34893440e+00, 7.40246663e-01,\n",
       "       1.78578677e-01])"
      ]
     },
     "execution_count": 15,
     "metadata": {},
     "output_type": "execute_result"
    }
   ],
   "source": [
    "pca.explained_variance_"
   ]
  },
  {
   "cell_type": "code",
   "execution_count": 18,
   "id": "1b1ec226",
   "metadata": {},
   "outputs": [
    {
     "data": {
      "text/plain": [
       "array([[ 1.94478327e-03,  7.16689208e-01, -4.97379506e-04,\n",
       "         2.53943320e-03,  3.14001822e-03,  6.93301246e-01,\n",
       "        -1.74399417e-03,  9.95701595e-04, -1.09950904e-03,\n",
       "        -4.38880903e-03, -2.18358610e-03, -7.49133050e-02,\n",
       "        -5.32432627e-03],\n",
       "       [-1.03425054e-03,  4.70730990e-03,  1.83799254e-02,\n",
       "         2.09775762e-02,  1.99550182e-03,  3.84488353e-03,\n",
       "         2.10572335e-03,  5.56716776e-03,  4.89314495e-04,\n",
       "         4.62251924e-03,  6.34410841e-04,  9.95361913e-03,\n",
       "         9.99511688e-01],\n",
       "       [ 9.67689355e-03,  5.04783215e-02, -1.06911457e-02,\n",
       "         4.37205403e-03, -2.08917543e-02,  5.57285718e-02,\n",
       "         4.77651498e-03, -5.27646533e-03,  8.54228451e-03,\n",
       "         7.09081935e-02,  1.80155929e-02,  9.94030149e-01,\n",
       "        -1.05188024e-02],\n",
       "       [ 1.31594518e-02,  4.23371779e-03,  3.86986737e-03,\n",
       "         1.11193144e-02, -8.04018069e-03, -5.88748420e-03,\n",
       "        -5.83372501e-03, -2.33600893e-03,  1.39639394e-03,\n",
       "         9.96844258e-01, -2.82414547e-02, -7.08265087e-02,\n",
       "        -4.13447052e-03],\n",
       "       [-2.07002894e-02, -6.04253446e-03,  9.98931194e-01,\n",
       "         1.74931909e-02,  4.90830616e-03,  7.91408711e-03,\n",
       "         3.94745926e-03,  2.28005084e-02,  2.64968313e-03,\n",
       "        -3.33318056e-03, -1.54366157e-02,  1.12306010e-02,\n",
       "        -1.89928358e-02],\n",
       "       [ 2.58283601e-02,  1.72797237e-02,  1.54691035e-02,\n",
       "         7.21836567e-02, -1.99749901e-02, -1.70615126e-02,\n",
       "        -1.22997934e-02, -7.13262108e-03,  4.79955441e-03,\n",
       "         2.51002071e-02,  9.95795595e-01, -2.06250039e-02,\n",
       "        -2.22803177e-03],\n",
       "       [ 5.27603219e-02, -1.25079256e-03, -1.79223143e-02,\n",
       "         9.95338572e-01, -4.34523196e-03, -3.24384196e-03,\n",
       "         1.43444631e-02,  1.26737097e-03,  3.93580975e-03,\n",
       "        -1.40553330e-02, -7.29460627e-02, -2.91711536e-03,\n",
       "        -2.03776345e-02],\n",
       "       [-3.72532318e-02, -6.94350878e-01, -1.07579956e-02,\n",
       "         5.34832423e-03,  2.74639376e-02,  7.17282171e-01,\n",
       "         6.46341104e-04,  1.66861438e-02, -8.57814513e-03,\n",
       "         8.30122326e-03,  2.54910947e-02, -5.04301301e-03,\n",
       "         4.08654348e-04],\n",
       "       [-3.86934108e-01,  2.81221656e-02, -2.02522663e-02,\n",
       "         1.71593738e-02,  6.37010538e-01, -2.83655516e-02,\n",
       "         5.65513801e-01,  3.29528033e-01, -1.11127961e-01,\n",
       "         1.60169536e-02,  3.06932090e-02,  1.52599587e-02,\n",
       "        -4.90115976e-03],\n",
       "       [ 8.61558534e-01, -2.16628245e-02,  1.34226830e-02,\n",
       "        -5.32705723e-02,  2.69480167e-02,  2.00990785e-02,\n",
       "         4.85472887e-01,  1.30140026e-01, -1.54231279e-02,\n",
       "        -8.11304671e-03, -1.03951341e-02, -8.21004430e-03,\n",
       "         1.19406424e-04],\n",
       "       [ 1.99468372e-02,  5.38271820e-03, -1.87802399e-02,\n",
       "         4.68771109e-05, -2.28754408e-01, -6.52376856e-03,\n",
       "        -2.71742322e-01,  9.34248052e-01,  1.28447258e-02,\n",
       "        -1.49924425e-03, -1.69663277e-03,  1.14004918e-03,\n",
       "        -3.81934167e-03],\n",
       "       [ 3.19471570e-01,  3.54125355e-03,  5.84734686e-03,\n",
       "        -4.55947420e-03,  7.20143160e-01, -7.73170028e-03,\n",
       "        -6.08242526e-01, -6.08650062e-03, -9.45906588e-02,\n",
       "        -7.51749113e-04, -5.42206142e-04,  1.61297209e-02,\n",
       "         9.88750594e-05],\n",
       "       [ 4.48116895e-04,  2.64185475e-03,  3.95928464e-03,\n",
       "         3.71219507e-03, -1.44379487e-01, -3.06317119e-03,\n",
       "        -1.64312355e-02, -2.65014643e-02, -9.88991822e-01,\n",
       "         3.91257632e-04,  1.14138548e-03,  5.42159115e-03,\n",
       "         7.47203770e-04]])"
      ]
     },
     "execution_count": 18,
     "metadata": {},
     "output_type": "execute_result"
    }
   ],
   "source": [
    "pca.components_"
   ]
  },
  {
   "cell_type": "code",
   "execution_count": 26,
   "id": "df68dcd6",
   "metadata": {},
   "outputs": [
    {
     "data": {
      "text/plain": [
       "PCA()"
      ]
     },
     "execution_count": 26,
     "metadata": {},
     "output_type": "execute_result"
    }
   ],
   "source": [
    "pca = PCA()\n",
    "pca.fit(X_scaled)"
   ]
  },
  {
   "cell_type": "code",
   "execution_count": 27,
   "id": "3a7797c6",
   "metadata": {},
   "outputs": [
    {
     "data": {
      "text/plain": [
       "array([[-4.47680561e-02,  6.04774530e-01,  1.57303171e-02,\n",
       "         8.39951120e-03,  2.84303198e-01,  6.06018329e-01,\n",
       "         7.95451397e-02,  1.14255109e-01, -2.59796208e-01,\n",
       "        -7.20016101e-02, -6.30843416e-02, -2.96308243e-01,\n",
       "         9.49670687e-04],\n",
       "       [ 2.40669146e-01,  3.29221897e-01, -7.42537881e-02,\n",
       "         6.79003071e-02, -5.22834510e-01,  3.25043235e-01,\n",
       "        -3.81168433e-01, -2.40123765e-01,  4.25693869e-01,\n",
       "         1.24029834e-01,  1.09708688e-01,  1.74902065e-01,\n",
       "        -4.88262647e-02],\n",
       "       [ 5.65950757e-01,  4.04615646e-02, -4.72413083e-03,\n",
       "         4.40657636e-01,  4.66725120e-02,  3.81968783e-02,\n",
       "         5.23207174e-01,  1.98543329e-01,  2.41375172e-02,\n",
       "         1.91968129e-01,  9.63135226e-02,  2.61648258e-01,\n",
       "         2.27789639e-01],\n",
       "       [-2.73910283e-01,  1.37774802e-02,  6.36217499e-01,\n",
       "         2.02221812e-01, -8.47061214e-02,  1.64796247e-02,\n",
       "        -2.14841089e-01,  3.64019475e-01,  1.94031449e-01,\n",
       "         9.92847838e-03, -5.31441381e-02, -1.54791631e-02,\n",
       "         5.02187925e-01],\n",
       "       [-2.01934656e-02,  2.33771020e-02,  7.83244425e-02,\n",
       "        -1.82618755e-01,  3.23693625e-03,  2.49944887e-02,\n",
       "         4.62372061e-02,  4.04720910e-02,  1.16639860e-02,\n",
       "         6.62584321e-01, -6.97062040e-01,  1.08729490e-01,\n",
       "        -1.35198798e-01],\n",
       "       [ 9.53706943e-03,  8.77004485e-02,  3.86464475e-01,\n",
       "        -5.14971773e-01, -1.03486417e-02,  9.00506322e-02,\n",
       "         2.49217674e-01,  3.03465613e-01,  1.30238358e-01,\n",
       "        -6.61407291e-02,  2.95102666e-01,  3.79401012e-01,\n",
       "        -4.03587144e-01],\n",
       "       [-2.30706660e-01,  7.31124167e-02, -3.92178448e-01,\n",
       "        -4.34180334e-01,  9.38002114e-02,  7.38462552e-02,\n",
       "         5.59554996e-02, -2.33312953e-02, -2.36710796e-03,\n",
       "         2.20595914e-01,  2.19336797e-01,  3.01795709e-01,\n",
       "         6.27158638e-01],\n",
       "       [ 3.72305658e-02, -6.19874463e-02,  8.59756120e-02,\n",
       "         4.52360883e-02,  6.87431642e-03, -6.54315435e-02,\n",
       "        -2.17654753e-01,  1.05864044e-01, -2.58658490e-01,\n",
       "         6.42708103e-01,  5.66545843e-01, -3.21571580e-01,\n",
       "        -1.34400924e-01],\n",
       "       [-3.33006560e-01,  5.68775058e-02,  3.26689533e-01,\n",
       "         2.55362872e-01,  2.75338233e-01,  5.88627819e-02,\n",
       "         1.96572737e-01, -6.94130715e-01,  4.55403637e-02,\n",
       "         1.46527287e-01,  1.49612967e-01,  2.53075933e-01,\n",
       "        -6.50033426e-02],\n",
       "       [ 4.74140185e-01, -4.29412573e-02,  3.74944767e-01,\n",
       "        -4.51067973e-01, -6.69789404e-02, -4.89457668e-02,\n",
       "         1.22025679e-01, -4.06000493e-01, -4.58826453e-02,\n",
       "        -5.27755406e-02, -4.15676984e-02, -3.77442791e-01,\n",
       "         3.05959632e-01],\n",
       "       [ 1.25311230e-01,  1.40118360e-02,  1.56695538e-01,\n",
       "         2.81761952e-02, -2.24348019e-01,  1.98671679e-02,\n",
       "        -2.79287857e-01, -6.82829156e-02, -7.69760386e-01,\n",
       "        -1.11030745e-01, -7.31459063e-02,  4.60491436e-01,\n",
       "         5.56849054e-02],\n",
       "       [ 3.71778472e-01, -3.34958238e-02,  2.98946332e-02,\n",
       "        -4.09294834e-02,  7.04883650e-01, -3.02261858e-02,\n",
       "        -5.31218668e-01,  2.35677276e-02,  1.79816187e-01,\n",
       "        -2.76992925e-02, -1.87868353e-02,  2.09926289e-01,\n",
       "        -6.59466774e-03],\n",
       "       [ 3.50011937e-03, -7.07255769e-01, -1.35995084e-03,\n",
       "        -3.83053660e-04, -2.94854595e-03,  7.06909373e-01,\n",
       "         1.65271471e-03, -1.98948783e-03,  2.80846022e-03,\n",
       "         1.61516434e-03,  2.16797902e-03, -4.81855159e-03,\n",
       "         6.07724925e-04]])"
      ]
     },
     "execution_count": 27,
     "metadata": {},
     "output_type": "execute_result"
    }
   ],
   "source": [
    "pca.components_"
   ]
  },
  {
   "cell_type": "code",
   "execution_count": null,
   "id": "76fe3957",
   "metadata": {},
   "outputs": [],
   "source": []
  }
 ],
 "metadata": {
  "kernelspec": {
   "display_name": "Python 3",
   "language": "python",
   "name": "python3"
  },
  "language_info": {
   "codemirror_mode": {
    "name": "ipython",
    "version": 3
   },
   "file_extension": ".py",
   "mimetype": "text/x-python",
   "name": "python",
   "nbconvert_exporter": "python",
   "pygments_lexer": "ipython3",
   "version": "3.6.9"
  }
 },
 "nbformat": 4,
 "nbformat_minor": 5
}
